5.000000000000000000e-01 5.000000000000000000e-01
4.935176399999999797e-01 4.872676400000000019e-01
4.681897659999999517e-01 4.556897659999999961e-01
4.251098060000000345e-01 4.063598059999999901e-01
3.660533910000000057e-01 3.410533909999999835e-01
2.934101170000000258e-01 2.621601170000000258e-01
2.100917159999999839e-01 1.725917160000000061e-01
1.194201609999999969e-01 7.567016100000001355e-02
2.500000000000014364e-02 2.499999999999985914e-02
6.942016100000000800e-02 1.256701610000000024e-01
1.600917159999999950e-01 2.225917159999999950e-01
2.434101170000000369e-01 3.121601170000000147e-01
3.160533910000000168e-01 3.910533909999999724e-01
3.751098059999999901e-01 4.563598060000000345e-01
4.181897659999999628e-01 5.056897659999999295e-01
4.435176399999999908e-01 5.372676400000000463e-01
4.500000000000000111e-01 5.500000000000000444e-01
4.372676400000000130e-01 5.435176400000000241e-01
4.056897659999999517e-01 5.181897659999999961e-01
3.563598060000000012e-01 4.751098060000000234e-01
2.910533909999999946e-01 4.160533909999999946e-01
2.121601170000000369e-01 3.434101170000000147e-01
1.225917159999999895e-01 2.600917160000000283e-01
2.567016100000001078e-02 1.694201610000000136e-01
7.500000000000078826e-02 7.499999999999920619e-02
1.756701609999999913e-01 1.942016100000000522e-02
2.725917159999999839e-01 1.100917159999999922e-01
3.621601170000000591e-01 1.934101170000000203e-01
4.410533909999999613e-01 2.660533910000000279e-01
5.063598059999999679e-01 3.251098060000000012e-01
5.556897659999999739e-01 3.681897659999999739e-01
5.872676399999999797e-01 3.935176400000000019e-01
5.999999999999999778e-01 4.000000000000000222e-01
5.935176399999999575e-01 3.872676400000000241e-01
5.681897659999999295e-01 3.556897659999999628e-01
5.251098060000000123e-01 3.063598060000000123e-01
4.660533909999999835e-01 2.410533910000000057e-01
3.934101170000000591e-01 1.621601170000000203e-01
3.100917159999999617e-01 7.259171600000000057e-02
2.194201610000000024e-01 2.432983899999999200e-02
1.249999999999983763e-01 1.250000000000016098e-01
3.057983899999998367e-02 2.256701609999999802e-01
6.009171599999998947e-02 3.225917160000000283e-01
1.434101170000000314e-01 4.121601169999999925e-01
2.160533909999999835e-01 4.910533910000000057e-01
2.751098060000000123e-01 5.563598060000000123e-01
3.181897659999999850e-01 6.056897660000000183e-01
3.435176399999999575e-01 6.372676400000000241e-01
3.499999999999999778e-01 6.500000000000000222e-01
3.372676399999999797e-01 6.435176400000000019e-01
3.056897659999999739e-01 6.181897659999999739e-01
2.563598060000000234e-01 5.751098059999999457e-01
1.910533909999999891e-01 5.160533910000000279e-01
1.121601170000000314e-01 4.434101169999999925e-01
2.259171599999998392e-02 3.600917160000000061e-01
7.432983899999999478e-02 2.694201609999999913e-01
1.749999999999962141e-01 1.750000000000037637e-01
2.756701610000000247e-01 8.057983900000000033e-02
3.725917159999999617e-01 1.009171600000000057e-02
4.621601170000000369e-01 9.341011700000001472e-02
5.410533909999999391e-01 1.660533909999999946e-01
6.063598059999999457e-01 2.251098060000000234e-01
6.556897659999999517e-01 2.681897659999999961e-01
6.872676399999999575e-01 2.935176400000000241e-01
6.999999999999999556e-01 2.999999999999999889e-01
6.935176400000000463e-01 2.872676399999999908e-01
6.681897660000000183e-01 2.556897659999999850e-01
6.251098059999999901e-01 2.063598060000000067e-01
5.660533909999999613e-01 1.410533910000000002e-01
4.934101170000000369e-01 6.216011700000001472e-02
4.100917159999999950e-01 2.740828400000000498e-02
3.194201609999999802e-01 1.243298389999999837e-01
2.250000000000099976e-01 2.249999999999900135e-01
1.305798389999999753e-01 3.256701610000000136e-01
3.990828400000001608e-02 4.225917160000000061e-01
4.341011700000002582e-02 5.121601170000000813e-01
1.160533910000000057e-01 5.910533909999999835e-01
1.751098060000000067e-01 6.563598059999999901e-01
2.181897659999999795e-01 7.056897659999999961e-01
2.435176399999999797e-01 7.372676400000000019e-01
2.500000000000000000e-01 7.500000000000000000e-01
2.372676400000000019e-01 7.435176399999999797e-01
2.056897659999999961e-01 7.181897659999999517e-01
1.563598059999999901e-01 6.751098060000000345e-01
9.105339099999998353e-02 6.160533910000000057e-01
1.216011700000002582e-02 5.434101170000000813e-01
7.740828399999999387e-02 4.600917159999999839e-01
1.743298389999999864e-01 3.694201609999999691e-01
2.749999999999846456e-01 2.750000000000153988e-01
3.756701610000000024e-01 1.805798390000000198e-01
4.725917159999999950e-01 8.990828400000000498e-02
5.621601170000000147e-01 6.589882999999963076e-03
6.410533910000000279e-01 6.605339100000001684e-02
7.063598060000000345e-01 1.251098059999999901e-01
7.556897659999999295e-01 1.681897659999999628e-01
7.872676400000000463e-01 1.935176399999999908e-01
8.000000000000000444e-01 2.000000000000000111e-01
7.935176399999999131e-01 1.872676400000000130e-01
7.681897659999999961e-01 1.556897659999999517e-01
7.251098060000000789e-01 1.063598060000000012e-01
6.660533909999999391e-01 4.105339099999999464e-02
5.934101170000000147e-01 3.783988299999996308e-02
5.100917160000000283e-01 1.274082839999999828e-01
4.194201610000000136e-01 2.243298390000000309e-01
3.250000000000208278e-01 3.249999999999791944e-01
2.305798390000000087e-01 4.256701609999999913e-01
1.399082839999999939e-01 5.225917159999999839e-01
5.658988299999995197e-02 6.121601169999999481e-01
1.605339099999997243e-02 6.910533910000000724e-01
7.510980600000000118e-02 7.563598060000000789e-01
1.181897659999999739e-01 8.056897659999999739e-01
1.435176400000000019e-01 8.372676399999999797e-01
1.500000000000000222e-01 8.499999999999999778e-01
1.372676399999999686e-01 8.435176399999999575e-01
1.056897659999999628e-01 8.181897659999999295e-01
5.635980600000001228e-02 7.751098060000000123e-01
8.946608999999994261e-03 7.160533909999999835e-01
8.783988299999995197e-02 6.434101169999999481e-01
1.774082840000000272e-01 5.600917160000000727e-01
2.743298390000000198e-01 4.694201610000000024e-01
3.749999999999737987e-01 3.750000000000262013e-01
4.756701609999999802e-01 2.805798389999999976e-01
5.725917160000000283e-01 1.899082839999999828e-01
6.621601169999999925e-01 1.065898829999999964e-01
7.410533910000000057e-01 3.394660900000001647e-02
8.063598060000000123e-01 2.510980600000001228e-02
8.556897660000000183e-01 6.818976599999998500e-02
8.872676399999999131e-01 9.351764000000001298e-02
9.000000000000000222e-01 9.999999999999997780e-02
8.935176400000000019e-01 8.726763999999997967e-02
8.681897659999999739e-01 5.568976599999997390e-02
8.251098059999999457e-01 6.359806000000023385e-03
7.660533910000000279e-01 5.894660899999998316e-02
6.934101169999999925e-01 1.378398829999999964e-01
6.100917160000000061e-01 2.274082840000000161e-01
5.194201609999999913e-01 3.243298390000000087e-01
4.250000000000315747e-01 4.249999999999684031e-01
3.305798389999999864e-01 5.256701609999999691e-01
2.399082840000000272e-01 6.225917160000000727e-01
1.565898829999999853e-01 7.121601170000000369e-01
8.394660900000000536e-02 7.910533909999999391e-01
2.489019399999997662e-02 8.563598059999999457e-01
1.818976599999999610e-02 9.056897659999999517e-01
4.351763999999996857e-02 9.372676399999999575e-01
4.999999999999998890e-02 9.499999999999999556e-01
3.726763999999999077e-02 9.435176400000000463e-01
5.689765999999985002e-03 9.181897660000000183e-01
4.364019399999996551e-02 8.751098059999999901e-01
1.089466090000000276e-01 8.160533910000000724e-01
1.878398829999999853e-01 7.434101170000000369e-01
2.774082840000000050e-01 6.600917159999999395e-01
3.743298389999999976e-01 5.694201610000000358e-01
4.749999999999611755e-01 4.750000000000387801e-01
5.756701610000000136e-01 3.805798390000000309e-01
6.725917160000000061e-01 2.899082840000000161e-01
7.621601170000000813e-01 2.065898829999999742e-01
8.410533909999999835e-01 1.339466089999999943e-01
9.063598059999999901e-01 7.489019399999996551e-02
9.556897659999999961e-01 3.181023400000004830e-02
9.872676400000000019e-01 6.482360000000020328e-03
1.000000000000000000e+00 0.000000000000000000e+00
9.935176400000000907e-01 1.273236000000005363e-02
9.681897659999999517e-01 4.431023400000000390e-02
9.251098060000000345e-01 9.364019400000000992e-02
8.660533909999998947e-01 1.589466089999999610e-01
7.934101170000000813e-01 2.378398829999999742e-01
7.100917159999999839e-01 3.274082840000000494e-01
6.194201609999999691e-01 4.243298389999999864e-01
5.250000000000317746e-01 5.249999999999682698e-01
4.305798389999999642e-01 6.256701609999999469e-01
3.399082840000000050e-01 7.225917159999999395e-01
2.565898830000000186e-01 8.121601170000001257e-01
1.839466089999999832e-01 8.910533910000000279e-01
1.248901940000000099e-01 9.563598060000000345e-01
8.181023399999998169e-02 1.005689765999999929e+00
5.648236000000000923e-02 1.037267640000000046e+00
5.000000000000004441e-02 1.050000000000000044e+00
6.273235999999998702e-02 1.043517639999999913e+00
9.431023400000004830e-02 1.018189765999999885e+00
1.436401939999999433e-01 9.751098059999999679e-01
2.089466090000000054e-01 9.160533909999999391e-01
2.878398830000000186e-01 8.434101170000001257e-01
3.774082839999999828e-01 7.600917160000000283e-01
4.743298390000000309e-01 6.694201610000000136e-01
5.749999999999912959e-01 5.750000000000086153e-01
6.756701609999999913e-01 4.805798390000000087e-01
7.725917159999999839e-01 3.899082840000000494e-01
8.621601169999999481e-01 3.065898829999999520e-01
9.410533910000000724e-01 2.339466090000000276e-01
1.006359805999999857e+00 1.748901939999999433e-01
1.055689765999999974e+00 1.318102340000000261e-01
1.087267640000000091e+00 1.064823600000000536e-01
1.100000000000000089e+00 9.999999999999997780e-02
1.093517639999999957e+00 1.127323600000000314e-01
1.068189765999999929e+00 1.443102339999999817e-01
1.025109806000000123e+00 1.936401939999999877e-01
9.660533909999999835e-01 2.589466090000000498e-01
8.934101169999999481e-01 3.378398829999999520e-01
8.100917160000000727e-01 4.274082840000000272e-01
7.194201609999999469e-01 5.243298389999999642e-01
6.249999999999856781e-01 6.250000000000143219e-01
5.305798390000000531e-01 7.256701610000000358e-01
4.399082839999999828e-01 8.225917160000000283e-01
3.565898829999999964e-01 9.121601169999999925e-01
2.839466089999999610e-01 9.910533909999998947e-01
2.248901939999999877e-01 1.056359806000000123e+00
1.818102340000000705e-01 1.105689766000000018e+00
1.564823599999999870e-01 1.137267639999999913e+00
1.500000000000000222e-01 1.149999999999999911e+00
1.627323599999999648e-01 1.143517640000000002e+00
1.943102340000000261e-01 1.118189765999999974e+00
2.436401940000000321e-01 1.075109805999999946e+00
3.089466089999999832e-01 1.016053391000000028e+00
3.878398829999999964e-01 9.434101169999999925e-01
4.774082839999999606e-01 8.600917159999998951e-01
5.743298390000000087e-01 7.694201609999999913e-01
6.750000000000337952e-01 6.749999999999662936e-01
7.756701609999999691e-01 5.805798389999999864e-01
8.725917160000000727e-01 4.899082840000000272e-01
9.621601170000000369e-01 4.065898829999999298e-01
1.041053390999999939e+00 3.339466090000000054e-01
1.106359805999999946e+00 2.748901940000000321e-01
1.155689766000000063e+00 2.318102340000000039e-01
1.187267639999999957e+00 2.064823600000000314e-01
1.199999999999999956e+00 1.999999999999999556e-01
1.193517640000000046e+00 2.127323600000000092e-01
1.168189766000000018e+00 2.443102340000000705e-01
1.125109805999999990e+00 2.936401939999999655e-01
1.066053391000000072e+00 3.589466090000000276e-01
9.934101170000000369e-01 4.378398829999999298e-01
9.100917159999999395e-01 5.274082840000000605e-01
8.194201610000000358e-01 6.243298390000000531e-01
7.249999999999431344e-01 7.250000000000568212e-01
6.305798390000000309e-01 8.256701610000000136e-01
5.399082840000000161e-01 9.225917159999998951e-01
4.565898829999999742e-01 1.012160117000000081e+00
3.839466090000000498e-01 1.091053390999999984e+00
3.248901939999999655e-01 1.156359805999999990e+00
2.818102340000000483e-01 1.205689765999999885e+00
2.564823599999999648e-01 1.237267640000000002e+00
2.500000000000000000e-01 1.250000000000000000e+00
2.627323600000000536e-01 1.243517640000000091e+00
2.943102340000000039e-01 1.218189766000000063e+00
3.436401940000000099e-01 1.175109806000000034e+00
4.089466089999999610e-01 1.116053390999999895e+00
4.878398829999999742e-01 1.043410117000000081e+00
5.774082840000001049e-01 9.600917159999999839e-01
6.743298389999999864e-01 8.694201609999999691e-01
7.750000000000799583e-01 7.749999999999200861e-01
8.756701609999999469e-01 6.805798389999999642e-01
9.725917159999999395e-01 5.899082840000000605e-01
1.062160117000000126e+00 5.065898829999999631e-01
1.141053391000000028e+00 4.339466089999999832e-01
1.206359806000000034e+00 3.748901940000000099e-01
1.255689765999999929e+00 3.318102339999999817e-01
1.287267640000000046e+00 3.064823600000000092e-01
1.300000000000000044e+00 3.000000000000000444e-01
1.293517639999999913e+00 3.127323599999999870e-01
1.268189765999999885e+00 3.443102340000000483e-01
1.225109805999999857e+00 3.936401939999999433e-01
1.166053390999999939e+00 4.589466090000000054e-01
1.093410117000000126e+00 5.378398829999999631e-01
1.010091716000000028e+00 6.274082839999999273e-01
9.194201610000000136e-01 7.243298390000000309e-01
8.249999999998969269e-01 8.250000000001029843e-01
7.305798390000000087e-01 9.256701609999999913e-01
6.399082840000001049e-01 1.022591715999999984e+00
5.565898830000000075e-01 1.112160116999999948e+00
4.839466090000000276e-01 1.191053391000000072e+00
4.248901939999999433e-01 1.256359805999999857e+00
3.818102340000000261e-01 1.305689765999999974e+00
3.564823600000000536e-01 1.337267640000000091e+00
3.499999999999999778e-01 1.350000000000000089e+00
3.627323600000000314e-01 1.343517639999999957e+00
3.943102339999999817e-01 1.318189765999999929e+00
4.436401939999999877e-01 1.275109806000000123e+00
5.089466090000001053e-01 1.216053390999999984e+00
5.878398830000000075e-01 1.143410116999999948e+00
6.774082839999999717e-01 1.060091716000000073e+00
7.743298389999999642e-01 9.694201609999999469e-01
8.750000000001260103e-01 8.749999999998739897e-01
9.756701610000000358e-01 7.805798390000000531e-01
1.072591716000000028e+00 6.899082839999999273e-01
1.162160116999999993e+00 6.065898830000000519e-01
1.241053390999999895e+00 5.339466090000000165e-01
1.306359806000000123e+00 4.748901939999999877e-01
1.355689766000000018e+00 4.318102340000000705e-01
1.387267639999999913e+00 4.064823599999999870e-01
1.399999999999999911e+00 4.000000000000000222e-01
1.393517640000000002e+00 4.127323599999999648e-01
1.368189765999999974e+00 4.443102340000000261e-01
1.325109805999999946e+00 4.936401940000000321e-01
1.266053391000000028e+00 5.589466089999999276e-01
1.193410116999999993e+00 6.378398830000000519e-01
1.110091715999999895e+00 7.274082840000000161e-01
1.019420160999999991e+00 8.243298390000000087e-01
9.249999999998550493e-01 9.250000000001450395e-01
8.305798389999999864e-01 1.025670161000000080e+00
7.399082839999999717e-01 1.122591716000000073e+00
6.565898829999998743e-01 1.212160117000000037e+00
5.839466090000000609e-01 1.291053390999999939e+00
5.248901940000000321e-01 1.356359805999999946e+00
4.818102340000000039e-01 1.405689766000000063e+00
4.564823600000000314e-01 1.437267639999999957e+00
4.499999999999999556e-01 1.449999999999999956e+00
4.627323600000000092e-01 1.443517640000000046e+00
4.943102340000000705e-01 1.418189766000000018e+00
5.436401939999999655e-01 1.375109805999999990e+00
6.089466089999999721e-01 1.316053391000000072e+00
6.878398829999998743e-01 1.243410117000000037e+00
7.774082840000000605e-01 1.160091715999999940e+00
8.743298390000000531e-01 1.069420161000000036e+00
9.750000000001679545e-01 9.749999999998320011e-01
1.075670161000000125e+00 8.805798390000000309e-01
1.172591715999999895e+00 7.899082840000000161e-01
1.262160117000000081e+00 7.065898829999999187e-01
1.341053390999999984e+00 6.339466090000001053e-01
1.406359805999999990e+00 5.748901939999999655e-01
1.455689765999999885e+00 5.318102340000000483e-01
1.487267640000000002e+00 5.064823599999999093e-01
1.500000000000000000e+00 5.000000000000000000e-01
1.493517640000000091e+00 5.127323599999999981e-01
1.468189766000000063e+00 5.443102340000001149e-01
1.425109806000000034e+00 5.936401939999998989e-01
1.366053390999999895e+00 6.589466090000000165e-01
1.293410117000000081e+00 7.378398829999999187e-01
1.210091715999999984e+00 8.274082840000001049e-01
1.119420161000000080e+00 9.243298390000000975e-01
1.024999999999811839e+00 1.025000000000187983e+00
9.305798389999999642e-01 1.125670160999999947e+00
8.399082840000000605e-01 1.222591715999999940e+00
7.565898829999999631e-01 1.312160117000000126e+00
6.839466090000001497e-01 1.391053391000000028e+00
6.248901939999998989e-01 1.456359806000000034e+00
5.818102339999999817e-01 1.505689765999999929e+00
5.564823599999999537e-01 1.537267640000000046e+00
5.500000000000000444e-01 1.550000000000000044e+00
5.627323600000000425e-01 1.543517640000000135e+00
5.943102339999999373e-01 1.518189765999999885e+00
6.436401939999999433e-01 1.475109805999999857e+00
7.089466090000000609e-01 1.416053390999999939e+00
7.878398829999999631e-01 1.343410117000000126e+00
8.774082840000001493e-01 1.260091716000000028e+00
9.743298389999999198e-01 1.169420160999999903e+00
1.075000000000210898e+00 1.074999999999789013e+00
1.175670160999999991e+00 9.805798390000000087e-01
1.272591715999999984e+00 8.899082840000001049e-01
1.362160117000000170e+00 8.065898830000000075e-01
1.441053390999999850e+00 7.339466089999999721e-01
1.506359805999999857e+00 6.748901939999999433e-01
1.555689765999999974e+00 6.318102340000000261e-01
1.587267640000000091e+00 6.064823599999999981e-01
1.600000000000000089e+00 6.000000000000000888e-01
1.593517639999999957e+00 6.127323599999998649e-01
1.568189765999999929e+00 6.443102339999999817e-01
1.525109806000000123e+00 6.936401939999999877e-01
1.466053390999999984e+00 7.589466090000001053e-01
1.393410117000000170e+00 8.378398830000000075e-01
1.310091715999999851e+00 9.274082839999999717e-01
1.219420160999999947e+00 1.024329838999999964e+00
1.124999999999765965e+00 1.125000000000234035e+00
1.030579839000000053e+00 1.225670161000000036e+00
9.399082840000001493e-01 1.322591716000000028e+00
8.565898829999998298e-01 1.412160116999999993e+00
7.839466090000000165e-01 1.491053390999999895e+00
7.248901939999999877e-01 1.556359806000000123e+00
6.818102340000000705e-01 1.605689766000000018e+00
6.564823600000000425e-01 1.637267640000000135e+00
6.499999999999999112e-01 1.649999999999999911e+00
6.627323599999999093e-01 1.643517640000000002e+00
6.943102340000000261e-01 1.618189765999999974e+00
7.436401940000000321e-01 1.575109805999999946e+00
8.089466090000001497e-01 1.516053391000000028e+00
8.878398829999998298e-01 1.443410116999999993e+00
9.774082840000000161e-01 1.360091715999999895e+00
1.074329839000000009e+00 1.269420160999999991e+00
1.175000000000256950e+00 1.174999999999743139e+00
1.275670161000000080e+00 1.080579839000000097e+00
1.372591715999999851e+00 9.899082839999999717e-01
1.462160117000000037e+00 9.065898829999998743e-01
1.541053390999999939e+00 8.339466090000000609e-01
1.606359805999999946e+00 7.748901940000000321e-01
1.655689766000000063e+00 7.318102340000001149e-01
1.687267639999999957e+00 7.064823599999998649e-01
1.699999999999999956e+00 6.999999999999999556e-01
1.693517640000000046e+00 7.127323599999999537e-01
1.668189766000000018e+00 7.443102340000000705e-01
1.625109806000000212e+00 7.936401940000000765e-01
1.566053390999999850e+00 8.589466089999999721e-01
1.493410117000000037e+00 9.378398829999998743e-01
1.410091715999999940e+00 1.027408284000000060e+00
1.319420161000000036e+00 1.124329839000000053e+00
1.224999999999720091e+00 1.225000000000280087e+00
1.130579838999999920e+00 1.325670160999999903e+00
1.039908284000000016e+00 1.422591715999999895e+00
9.565898829999999187e-01 1.512160117000000081e+00
8.839466090000001053e-01 1.591053390999999984e+00
8.248901940000000765e-01 1.656359806000000212e+00
7.818102339999999373e-01 1.705689765999999885e+00
7.564823599999999093e-01 1.737267640000000002e+00
7.500000000000000000e-01 1.750000000000000000e+00
7.627323599999999981e-01 1.743517640000000091e+00
7.943102340000001149e-01 1.718189766000000063e+00
8.436401939999998989e-01 1.675109806000000034e+00
9.089466090000000165e-01 1.616053390999999895e+00
9.878398829999999187e-01 1.543410117000000081e+00
1.077408284000000105e+00 1.460091715999999984e+00
1.174329839000000097e+00 1.369420161000000080e+00
1.275000000000303002e+00 1.274999999999696820e+00
1.375670160999999947e+00 1.180579838999999964e+00
1.472591715999999940e+00 1.089908284000000060e+00
1.562160117000000126e+00 1.006589882999999963e+00
1.641053391000000028e+00 9.339466090000001497e-01
1.706359806000000034e+00 8.748901939999998989e-01
1.755689765999999929e+00 8.318102339999999817e-01
1.787267640000000046e+00 8.064823599999999537e-01
1.800000000000000044e+00 8.000000000000000444e-01
1.793517640000000135e+00 8.127323600000000425e-01
1.768189765999999885e+00 8.443102339999999373e-01
1.725109805999999857e+00 8.936401939999999433e-01
1.666053390999999939e+00 9.589466090000000609e-01
1.593410117000000126e+00 1.037839882999999963e+00
1.510091716000000028e+00 1.127408284000000149e+00
1.419420160999999903e+00 1.224329838999999920e+00
1.324999999999673994e+00 1.325000000000325917e+00
1.230579839000000009e+00 1.425670160999999991e+00
1.139908284000000105e+00 1.522591715999999984e+00
1.056589883000000007e+00 1.612160117000000170e+00
9.839466089999999721e-01 1.691053390999999850e+00
9.248901939999999433e-01 1.756359805999999857e+00
8.818102340000000261e-01 1.805689765999999974e+00
8.564823599999999981e-01 1.837267640000000091e+00
8.500000000000000888e-01 1.850000000000000089e+00
8.627323599999998649e-01 1.843517639999999957e+00
8.943102339999999817e-01 1.818189765999999929e+00
9.436401939999999877e-01 1.775109806000000123e+00
1.008946609000000105e+00 1.716053390999999984e+00
1.087839883000000007e+00 1.643410117000000170e+00
1.177408283999999972e+00 1.560091715999999851e+00
1.274329838999999964e+00 1.469420160999999947e+00
1.375000000000349054e+00 1.374999999999650946e+00
1.475670161000000036e+00 1.280579839000000053e+00
1.572591716000000028e+00 1.189908284000000149e+00
1.662160116999999993e+00 1.106589882999999830e+00
1.741053390999999895e+00 1.033946609000000016e+00
1.806359806000000123e+00 9.748901939999999877e-01
1.855689766000000018e+00 9.318102340000000705e-01
1.887267640000000135e+00 9.064823600000000425e-01
1.899999999999999911e+00 8.999999999999999112e-01
1.893517640000000002e+00 9.127323599999999093e-01
1.868189765999999974e+00 9.443102340000000261e-01
1.825109805999999946e+00 9.936401940000000321e-01
1.766053391000000028e+00 1.058946609000000150e+00
1.693410116999999993e+00 1.137839882999999830e+00
1.610091715999999895e+00 1.227408284000000016e+00
1.519420160999999991e+00 1.324329839000000009e+00
1.424999999999628120e+00 1.425000000000371969e+00
1.330579839000000097e+00 1.525670161000000080e+00
1.239908283999999972e+00 1.622591715999999851e+00
1.156589882999999874e+00 1.712160117000000037e+00
1.083946609000000061e+00 1.791053390999999939e+00
1.024890194000000143e+00 1.856359805999999946e+00
9.818102340000001149e-01 1.905689766000000063e+00
9.564823599999998649e-01 1.937267639999999957e+00
9.499999999999999556e-01 1.949999999999999956e+00
9.627323599999999537e-01 1.943517640000000046e+00
9.943102340000000705e-01 1.918189766000000018e+00
1.043640193999999966e+00 1.875109806000000212e+00
1.108946608999999972e+00 1.816053390999999850e+00
1.187839882999999874e+00 1.743410117000000037e+00
1.277408284000000060e+00 1.660091715999999940e+00
1.374329839000000053e+00 1.569420161000000036e+00
1.475000000000388001e+00 1.474999999999612177e+00
1.575670160999999903e+00 1.380579838999999920e+00
1.672591715999999895e+00 1.289908284000000016e+00
1.762160117000000081e+00 1.206589882999999919e+00
1.841053390999999984e+00 1.133946609000000105e+00
1.906359806000000212e+00 1.074890193999999966e+00
1.955689765999999885e+00 1.031810233999999937e+00
1.987267640000000002e+00 1.006482359999999909e+00
2.000000000000000000e+00 1.000000000000000000e+00
1.993517640000000091e+00 1.012732359999999998e+00
1.968189766000000063e+00 1.044310234000000115e+00
1.925109806000000034e+00 1.093640193999999788e+00
1.866053390999999895e+00 1.158946609000000016e+00
1.793410117000000081e+00 1.237839882999999919e+00
1.710091715999999984e+00 1.327408284000000105e+00
1.619420161000000080e+00 1.424329839000000097e+00
1.524999999999588907e+00 1.525000000000410916e+00
1.430579838999999964e+00 1.625670160999999947e+00
1.339908284000000060e+00 1.722591715999999940e+00
1.256589882999999963e+00 1.812160117000000126e+00
1.183946609000000150e+00 1.891053391000000028e+00
1.124890193999999788e+00 1.956359806000000034e+00
1.081810233999999982e+00 2.005689765999999707e+00
1.056482359999999954e+00 2.037267640000000046e+00
1.050000000000000044e+00 2.049999999999999822e+00
1.062732360000000043e+00 2.043517640000000135e+00
1.094310233999999937e+00 2.018189765999999885e+00
1.143640194000000054e+00 1.975109805999999857e+00
1.208946609000000061e+00 1.916053390999999939e+00
1.287839882999999963e+00 1.843410117000000126e+00
1.377408284000000149e+00 1.760091716000000028e+00
1.474329838999999920e+00 1.669420160999999903e+00
1.575000000000434053e+00 1.574999999999565858e+00
1.675670160999999991e+00 1.480579839000000009e+00
1.772591715999999984e+00 1.389908284000000105e+00
1.862160117000000170e+00 1.306589883000000007e+00
1.941053390999999850e+00 1.233946608999999972e+00
2.006359805999999857e+00 1.174890194000000054e+00
2.055689765999999974e+00 1.131810234000000026e+00
2.087267639999999869e+00 1.106482359999999998e+00
2.100000000000000089e+00 1.100000000000000089e+00
2.093517639999999957e+00 1.112732359999999865e+00
2.068189765999999707e+00 1.144310233999999982e+00
2.025109806000000123e+00 1.193640193999999877e+00
1.966053390999999984e+00 1.258946609000000105e+00
1.893410117000000170e+00 1.337839883000000007e+00
1.810091715999999851e+00 1.427408283999999972e+00
1.719420160999999947e+00 1.524329838999999964e+00
1.624999999999543032e+00 1.625000000000456968e+00
1.530579839000000053e+00 1.725670161000000036e+00
1.439908284000000149e+00 1.822591716000000028e+00
1.356589882999999830e+00 1.912160116999999993e+00
1.283946609000000016e+00 1.991053390999999895e+00
1.224890193999999877e+00 2.056359806000000123e+00
1.181810234000000071e+00 2.105689766000000240e+00
1.156482360000000043e+00 2.137267640000000135e+00
1.149999999999999911e+00 2.149999999999999911e+00
1.162732359999999909e+00 2.143517639999999780e+00
1.194310234000000026e+00 2.118189765999999974e+00
1.243640194000000143e+00 2.075109805999999946e+00
1.308946609000000150e+00 2.016053391000000250e+00
1.387839882999999830e+00 1.943410116999999993e+00
1.477408284000000016e+00 1.860091715999999895e+00
1.574329839000000009e+00 1.769420160999999991e+00
1.675000000000480105e+00 1.674999999999519984e+00
1.775670161000000080e+00 1.580579839000000097e+00
1.872591715999999851e+00 1.489908283999999972e+00
1.962160117000000037e+00 1.406589882999999874e+00
2.041053391000000161e+00 1.333946609000000061e+00
2.106359805999999946e+00 1.274890194000000143e+00
2.155689766000000063e+00 1.231810234000000115e+00
2.187267639999999957e+00 1.206482359999999865e+00
2.200000000000000178e+00 1.199999999999999956e+00
2.193517640000000046e+00 1.212732359999999954e+00
2.168189766000000240e+00 1.244310234000000071e+00
2.125109806000000212e+00 1.293640193999999966e+00
2.066053391000000072e+00 1.358946608999999972e+00
1.993410117000000037e+00 1.437839882999999874e+00
1.910091715999999940e+00 1.527408284000000060e+00
1.819420161000000036e+00 1.624329839000000053e+00
1.724999999999497158e+00 1.725000000000503020e+00
1.630579838999999920e+00 1.825670160999999903e+00
1.539908284000000016e+00 1.922591715999999895e+00
1.456589882999999919e+00 2.012160117000000081e+00
1.383946609000000105e+00 2.091053390999999984e+00
1.324890193999999966e+00 2.156359806000000212e+00
1.281810233999999937e+00 2.205689765999999885e+00
1.256482359999999909e+00 2.237267639999999780e+00
1.250000000000000000e+00 2.250000000000000000e+00
1.262732359999999998e+00 2.243517639999999869e+00
1.294310234000000115e+00 2.218189766000000063e+00
1.343640193999999788e+00 2.175109806000000034e+00
1.408946609000000016e+00 2.116053390999999895e+00
1.487839882999999919e+00 2.043410117000000081e+00
1.577408284000000105e+00 1.960091715999999984e+00
1.674329839000000097e+00 1.869420161000000080e+00
1.775000000000525935e+00 1.774999999999473888e+00
1.875670160999999947e+00 1.680579838999999964e+00
1.972591715999999940e+00 1.589908284000000060e+00
2.062160116999999904e+00 1.506589882999999963e+00
2.141053391000000250e+00 1.433946609000000150e+00
2.206359806000000034e+00 1.374890193999999788e+00
2.255689765999999707e+00 1.331810233999999982e+00
2.287267640000000046e+00 1.306482359999999954e+00
2.299999999999999822e+00 1.300000000000000044e+00
2.293517640000000135e+00 1.312732360000000043e+00
2.268189765999999885e+00 1.344310233999999937e+00
2.225109805999999857e+00 1.393640194000000054e+00
2.166053391000000161e+00 1.458946609000000061e+00
2.093410116999999904e+00 1.537839882999999963e+00
2.010091716000000250e+00 1.627408284000000149e+00
1.919420160999999903e+00 1.724329838999999920e+00
1.824999999999451061e+00 1.825000000000548850e+00
1.730579839000000009e+00 1.925670160999999991e+00
1.639908284000000105e+00 2.022591715999999984e+00
1.556589883000000007e+00 2.112160117000000170e+00
1.483946608999999972e+00 2.191053391000000072e+00
1.424890194000000054e+00 2.256359805999999857e+00
1.381810234000000026e+00 2.305689765999999974e+00
1.356482359999999998e+00 2.337267639999999869e+00
1.350000000000000089e+00 2.350000000000000089e+00
1.362732359999999865e+00 2.343517639999999957e+00
1.394310233999999982e+00 2.318189765999999707e+00
1.443640193999999877e+00 2.275109806000000123e+00
1.508946609000000105e+00 2.216053390999999984e+00
1.587839883000000007e+00 2.143410117000000170e+00
1.677408283999999972e+00 2.060091716000000073e+00
1.774329838999999964e+00 1.969420160999999947e+00
1.875000000000571987e+00 1.874999999999428013e+00
1.975670161000000036e+00 1.780579839000000053e+00
2.072591716000000250e+00 1.689908284000000149e+00
2.162160116999999993e+00 1.606589882999999830e+00
2.241053390999999895e+00 1.533946609000000016e+00
2.306359806000000123e+00 1.474890193999999877e+00
2.355689766000000240e+00 1.431810234000000071e+00
2.387267640000000135e+00 1.406482360000000043e+00
2.399999999999999911e+00 1.399999999999999911e+00
2.393517639999999780e+00 1.412732359999999909e+00
2.368189765999999974e+00 1.444310234000000026e+00
2.325109805999999946e+00 1.493640194000000143e+00
2.266053391000000250e+00 1.558946609000000150e+00
2.193410116999999993e+00 1.637839882999999830e+00
2.110091715999999895e+00 1.727408284000000016e+00
2.019420161000000213e+00 1.824329839000000009e+00
1.924999999999404965e+00 1.925000000000595124e+00
1.830579839000000097e+00 2.025670161000000302e+00
1.739908283999999972e+00 2.122591716000000073e+00
1.656589882999999874e+00 2.212160116999999815e+00
1.583946609000000061e+00 2.291053391000000161e+00
1.524890194000000143e+00 2.356359805999999946e+00
1.481810234000000115e+00 2.405689766000000063e+00
1.456482359999999865e+00 2.437267639999999957e+00
1.449999999999999956e+00 2.450000000000000178e+00
1.462732359999999954e+00 2.443517640000000046e+00
1.494310234000000071e+00 2.418189766000000240e+00
1.543640193999999966e+00 2.375109806000000212e+00
1.608946608999999972e+00 2.316053391000000072e+00
1.687839882999999874e+00 2.243410116999999815e+00
1.777408284000000060e+00 2.160091716000000162e+00
1.874329839000000053e+00 2.069420161000000036e+00
1.975000000000611156e+00 1.974999999999389022e+00
2.075670161000000125e+00 1.880579838999999920e+00
2.172591715999999895e+00 1.789908284000000016e+00
2.262160117000000081e+00 1.706589882999999919e+00
2.341053390999999984e+00 1.633946609000000105e+00
2.406359806000000212e+00 1.574890193999999966e+00
2.455689765999999885e+00 1.531810233999999937e+00
2.487267639999999780e+00 1.506482359999999909e+00
